1.00605,10.17705,0.58005,-2.56828,-0.35452,-1.28414,3.95625,52.0125,18.6
0.762,9.85995,0.62595,-0.33088,4.51419,-0.30725,3.95625,52.0125,18.6
0.69495,9.777,0.753,1.55988,3.14339,0.03151,3.95625,52.0125,18.6
0.87705,9.91605,0.69795,0.70116,-3.39549,0.14969,3.95625,52.0125,18.6
0.795,10.01895,0.64005,-0.44906,-1.38656,-0.2521,3.95625,52.0125,18.6
0.822,9.96795,0.681,-0.96114,-0.7563,-0.14181,3.95625,52.0125,18.6
0.831,9.99195,0.68805,-1.53624,3.427,0.14969,4.14375,51.7125,19.36875
0.843,9.918,0.77895,-0.27574,0.62238,-0.30725,4.14375,51.7125,19.36875
0.846,9.99705,0.58695,-0.67752,-2.59192,-1.00053,4.14375,51.7125,19.36875
0.78795,9.98295,0.75,0.35452,0.38603,-0.2521,4.14375,51.7125,19.36875
0.84105,9.99495,0.81495,0.12605,2.62343,-0.30725,4.14375,51.7125,19.36875
0.78795,9.87195,0.68295,0.23635,0.78782,0.323,4.14375,51.7125,19.36875
0.85305,9.91995,0.75,1.15809,-0.29937,-0.14181,3.9,51.525,19.6875
0.798,10.01895,0.79095,1.09507,0.67752,-0.42542,3.9,51.525,19.6875
0.798,10.00395,0.64005,-0.44906,-1.89864,-0.07878,3.9,51.525,19.6875
0.834,9.86805,0.87705,0.12605,-2.76524,0.25998,3.9,51.525,19.6875
0.83895,9.88695,0.93,1.15809,-2.47375,0.48845,3.9,51.525,19.6875
0.87195,10.02795,0.70005,-0.16544,0.27574,-0.02363,3.9,51.525,19.6875
0.798,9.98505,0.67605,-1.13446,0.38603,0.323,3.7125,51.35625,20.2125
0.80505,9.918,0.762,-0.73267,-0.92962,0.55147,3.7125,51.35625,20.2125
0.846,9.94695,0.82005,-0.10242,-2.19013,-0.02363,3.7125,51.35625,20.2125
0.87,9.97095,0.774,-0.39391,2.33982,-0.9375,3.7125,51.35625,20.2125
0.819,9.93195,0.834,1.26839,3.19854,-0.82721,3.7125,51.35625,20.2125
0.77895,9.87195,0.654,1.33141,-0.92962,-0.02363,3.7125,51.35625,20.2125
0.867,9.978,0.70695,2.30043,-3.04885,-0.07878,3.95625,51.525,20.5875
0.87405,9.99495,0.77895,2.24528,1.53624,-0.59874,3.95625,51.525,20.5875
0.774,9.942,0.774,3.61608,0.67752,-0.42542,3.95625,51.525,20.5875
0.78795,9.906,0.55095,1.33141,1.41807,0.14969,3.95625,51.525,20.5875
0.81495,9.954,0.741,3.27732,-4.82144,0.25998,3.95625,51.525,20.5875
0.846,9.94905,0.678,2.12711,0.78782,-0.37027,3.95625,51.525,20.5875
0.81705,10.011,0.789,2.12711,1.99318,-0.07878,4.0125,51.4875,20.8125
0.75495,9.94695,0.64695,1.96166,1.01628,0.95326,4.0125,51.4875,20.8125
0.798,9.978,0.53895,1.89864,0.67752,0.09454,4.0125,51.4875,20.8125
0.87,9.975,0.64995,2.12711,0.04727,-0.19695,4.0125,51.4875,20.8125
0.834,9.999,0.52995,1.4417,1.30778,-0.70904,4.0125,51.4875,20.8125
0.73995,9.91095,0.66195,2.82038,-0.63813,-0.07878,4.0125,51.4875,20.8125
0.74505,9.894,0.57105,2.59192,1.64654,0.95326,4.0125,51.4875,20.8125
0.91005,10.00905,0.63,2.59192,3.77364,-0.02363,4.14375,51.95625,20.64375
0.79995,9.94695,0.57105,2.47375,1.4811,-0.42542,4.14375,51.95625,20.64375
0.774,9.942,0.52995,1.38656,0.96114,0.14969,4.14375,51.95625,20.64375
0.82695,10.06395,0.46005,0.1812,2.04832,-0.30725,4.14375,51.95625,20.64375
0.81705,9.97095,0.606,2.59192,3.25368,-0.48057,4.14375,51.95625,20.64375
0.78795,9.93,0.61395,3.45064,3.30883,0.25998,4.14375,51.95625,20.64375
0.77595,9.93495,0.492,2.64706,1.36292,0.66177,3.9,51.84375,20.4
0.822,9.91305,0.336,1.26839,-1.61502,0.55147,3.9,51.84375,20.4
0.74505,9.97305,0.61095,2.01681,1.07931,0.83509,3.9,51.84375,20.4
0.78105,9.96105,0.51795,1.72532,1.64654,1.41019,3.9,51.84375,20.4
0.843,9.97995,0.333,-0.16544,-1.21324,1.00841,3.9,51.84375,20.4
0.85095,9.92505,0.264,-1.1896,-2.59192,0.4333,3.9,51.84375,20.4
0.87195,10.00695,0.49905,0.00788,0.38603,0.03151,3.9,51.84375,20.4
0.82395,9.954,0.46005,0.12605,2.67858,0.09454,3.84375,51.7875,20.4
0.81705,9.951,0.40995,-0.33088,1.88288,0.14969,3.84375,51.7875,20.4
0.82395,9.963,0.41505,-0.16544,0.67752,-0.07878,3.84375,51.7875,20.4
0.84795,9.96105,0.49905,1.38656,-0.47269,-0.14181,3.84375,51.7875,20.4
0.81495,9.951,0.38595,1.09507,0.67752,-0.2521,3.84375,51.7875,20.4
0.846,9.963,0.38595,0.98477,1.13446,-0.30725,3.84375,51.7875,20.4
0.81495,9.978,0.441,0.63813,0.27574,-0.07878,3.84375,51.7875,20.4
0.858,10.011,0.36,-0.27574,-1.33141,-0.77206,3.95625,51.4875,20.34375
0.882,10.011,0.396,-0.67752,-0.40966,-0.70904,3.95625,51.4875,20.34375
0.84105,9.978,0.42705,-0.85084,1.99318,-0.88235,3.95625,51.4875,20.34375
0.87195,9.95895,0.549,0.0709,3.77364,-0.77206,3.95625,51.4875,20.34375
0.73305,10.17705,0.37395,-0.22059,2.97007,-0.02363,3.95625,51.4875,20.34375
0.73305,10.17705,0.37395,-1.65442,0.38603,-0.02363,3.95625,51.4875,20.34375
0.83595,9.82005,0.49605,0.0709,-2.52889,-0.30725,3.95625,51.4875,20.34375
0.91305,9.963,0.47505,1.55988,-2.19013,-0.42542,3.95625,51.4875,20.34375
0.79095,9.93705,0.57495,1.49685,1.4811,-0.02363,3.9,51.4875,20.5125
0.82395,9.98505,0.417,0.81145,-0.1812,0.14969,3.9,51.4875,20.5125
0.843,9.99195,0.37905,-0.16544,-1.50473,0.4333,3.9,51.4875,20.5125
0.867,9.96795,0.537,0.8666,-1.84349,-0.14181,3.9,51.4875,20.5125
0.85305,10.00695,0.60195,1.33141,1.01628,-0.19695,3.9,51.4875,20.5125
0.78795,10.00395,0.55395,0.58298,2.04832,-0.07878,3.9,51.4875,20.5125
0.807,10.014,0.465,0.12605,1.59139,-0.19695,3.9,51.4875,20.5125
0.81495,9.96795,0.46995,-0.22059,-0.87448,-0.07878,3.7125,51.84375,20.34375
0.81705,9.96105,0.40305,-0.90599,-2.52889,-0.30725,3.7125,51.84375,20.34375
0.819,9.978,0.444,-0.10242,-1.78834,-0.30725,3.7125,51.84375,20.34375
0.786,9.98505,0.573,-0.39391,0.22059,-0.14181,3.7125,51.84375,20.34375
0.81705,9.999,0.468,-0.55935,1.1896,-0.37027,3.7125,51.84375,20.34375
0.85095,9.939,0.51495,-0.22059,0.38603,-0.37027,3.7125,51.84375,20.34375
0.82695,9.975,0.441,-0.22059,0.10242,-0.82721,3.7125,51.84375,20.34375
0.82695,9.975,0.441,-1.07931,-2.07196,-1.40231,3.7125,51.84375,20.34375
0.79305,9.963,0.33795,-0.96114,-2.13498,-1.22899,3.7125,51.84375,20.34375
0.648,9.92295,0.65895,-0.90599,1.25263,-0.19695,3.4125,51.7125,19.9875
0.738,10.038,0.46305,-1.53624,1.36292,0.25998,3.4125,51.7125,19.9875
0.867,10.05705,0.37395,-1.4811,1.1896,-0.82721,3.4125,51.7125,19.9875
0.882,9.999,0.50505,-0.16544,0.96114,-0.77206,3.4125,51.7125,19.9875
0.74295,9.91605,0.39795,-1.4811,-1.67017,-0.2521,3.4125,51.7125,19.9875
0.72795,10.026,0.432,-1.99318,-1.7332,-0.07878,3.4125,51.7125,19.9875
0.73995,10.05405,0.52995,-2.11135,-1.21324,-0.70904,3.4125,51.7125,19.9875
0.78795,10.04205,0.537,-1.65442,-0.00788,-1.00053,3.4125,51.7125,19.9875
0.726,9.85995,0.47505,-1.13446,-1.26839,-0.14181,3.3,51.95625,19.74375
0.77205,9.894,0.40305,-1.42595,-1.4417,0.4333,3.3,51.95625,19.74375
0.84795,10.00905,0.54195,-1.13446,-2.24528,0.25998,3.3,51.95625,19.74375
0.819,10.00695,0.618,-0.56723,-2.47375,0.20483,3.3,51.95625,19.74375
0.81495,9.94695,0.492,-1.76471,-1.7332,-0.07878,3.3,51.95625,19.74375
0.79305,9.918,0.49605,-1.4811,0.10242,-0.07878,3.3,51.95625,19.74375
0.79095,9.93705,0.60405,-1.02416,0.33088,-0.07878,3.3,51.95625,19.74375
0.78795,9.99705,0.54195,-0.96114,-0.24422,0.09454,3.3,51.95625,19.74375
0.82395,10.035,0.489,-1.19748,-1.21324,-0.42542,3.1125,51.84375,19.9125
0.77205,9.95895,0.52005,-1.25263,-0.63813,-0.19695,3.1125,51.84375,19.9125
0.79995,9.94395,0.53895,-1.42595,-1.84349,0.03151,3.1125,51.84375,19.9125
0.80295,9.99495,0.52005,-1.30778,-2.13498,0.03151,3.1125,51.84375,19.9125
0.79995,10.011,0.513,-1.82774,-4.88447,-0.07878,3.1125,51.84375,19.9125
0.819,9.939,0.57495,-1.65442,-3.56093,-0.07878,3.1125,51.84375,19.9125
0.79095,9.94395,0.633,-1.42595,-1.89864,0.20483,3.1125,51.84375,19.9125
0.762,9.963,0.63,-1.4811,-2.07196,0.60662,3.1125,51.84375,19.9125
0.762,9.963,0.63,-1.88288,-2.70221,0.77994,3.05625,52.0125,20.1
0.78795,9.951,0.54405,-1.36292,-5.45169,-0.07878,3.05625,52.0125,20.1
0.86505,9.89595,0.55605,-0.44906,-4.82144,-0.19695,3.05625,52.0125,20.1
0.999,9.963,0.618,0.92962,-1.84349,-1.00053,3.05625,52.0125,20.1
1.08495,9.90405,0.62805,1.4417,-0.87448,-1.28414,3.05625,52.0125,20.1
1.04895,9.96795,0.52695,0.81145,-0.58298,0.25998,3.05625,52.0125,20.1
1.17105,10.191,0.60405,1.33141,3.60032,-0.77206,3.05625,52.0125,20.1
1.296,9.88005,0.738,0.98477,1.93803,0.77994,3.05625,52.0125,20.1
1.488,9.93,0.609,-0.10242,6.40495,1.41019,3.05625,52.0125,20.1
1.48995,9.963,0.678,-0.96114,13.33774,1.41019,3.05625,51.95625,20.2125
1.68405,9.95895,0.73605,-2.45011,19.98692,0.89023,3.05625,51.95625,20.2125
1.63605,9.94905,0.78405,-2.97007,18.78156,0.72479,3.05625,51.95625,20.2125
1.842,9.92295,0.80295,-3.82879,16.37872,0.4333,3.05625,51.95625,20.2125
1.734,9.942,0.717,-3.77364,16.71748,1.00841,3.05625,51.95625,20.2125
1.66695,9.987,0.89895,-3.77364,17.29258,1.86713,3.05625,51.95625,20.2125
1.41795,9.90405,0.98295,-4.23058,17.34773,3.12763,3.05625,51.95625,20.2125
1.437,10.10505,1.03995,-2.91492,17.97798,2.37921,3.05625,51.95625,20.2125
1.36305,10.20795,0.97305,-4.28572,23.36665,1.81198,3.05625,51.95625,20.2125
1.29405,10.15995,0.63795,-6.86189,24.17023,0.95326,3.05625,52.0875,20.4
1.33005,10.083,0.76005,-6.23163,23.94176,0.66177,3.05625,52.0875,20.4
1.28595,10.038,0.774,-4.17543,16.60718,-0.42542,3.05625,52.0875,20.4
1.284,10.014,0.86805,-3.77364,15.9139,-1.11082,3.05625,52.0875,20.4
1.08,9.86805,0.669,-4.28572,16.66233,-0.48057,3.05625,52.0875,20.4
0.999,10.00695,0.69,-4.80568,15.63029,0.03151,3.05625,52.0875,20.4
1.03995,9.87195,0.82905,-4.80568,14.82672,-0.07878,3.05625,52.0875,20.4
1.02495,9.97995,0.97095,-6.69644,20.44385,-0.59874,3.05625,52.0875,20.4
0.96105,10.14795,0.73095,-8.52418,23.36665,-2.03257,3.05625,52.3125,20.26875
0.915,10.25805,0.67605,-7.20853,20.55414,-2.54465,3.05625,52.3125,20.26875
0.65295,10.16895,0.79605,-4.68751,23.53997,-0.9375,3.05625,52.3125,20.26875
0.38205,9.98295,0.777,-5.60138,31.6151,0.72479,3.05625,52.3125,20.26875
0.23805,9.85305,0.93195,-2.97007,45.53582,1.06355,3.05625,52.3125,20.26875
0.24105,9.63105,1.272,0.35452,47.71807,1.23687,3.05625,52.3125,20.26875
0.183,9.444,1.46205,5.16808,43.81838,1.92227,3.05625,52.3125,20.26875
0.12105,9.453,1.548,8.9496,32.3005,2.89917,3.05625,52.3125,20.26875
-0.13305,9.54405,1.31295,7.05884,28.69229,3.07249,3.05625,52.3125,20.26875
-0.339,10.17405,0.88395,-2.33982,29.14923,1.52049,2.925,52.14375,20.5875
-0.19695,10.62195,1.026,-11.84877,41.87247,-1.28414,2.925,52.14375,20.5875
-0.11805,10.34205,1.16895,-14.42493,48.11986,-0.82721,2.925,52.14375,20.5875
0.10905,9.84795,1.25595,-11.44698,53.04372,-0.88235,2.925,52.14375,20.5875
0.315,9.56595,1.17195,-9.67439,54.24907,-0.37027,2.925,52.14375,20.5875
0.29805,9.25905,1.239,-5.03415,55.39141,1.81198,2.925,52.14375,20.5875
0.40605,9.31905,1.608,3.15915,55.61988,4.78993,2.925,52.14375,20.5875
0.40605,9.31905,1.608,5.16808,57.17188,6.62554,2.925,52.14375,20.5875
0.30495,9.92805,1.09005,3.15915,59.80318,9.02838,2.75625,52.0875,21.24375
0.14505,9.92805,1.42605,2.70221,67.36623,11.49425,2.75625,52.0875,21.24375
0.183,9.76005,1.45005,3.7894,66.96445,12.69961,2.75625,52.0875,21.24375
0.243,9.67605,1.24395,5.3414,60.37829,13.72377,2.75625,52.0875,21.24375
0.19995,9.657,0.966,4.71115,57.0537,14.41705,2.75625,52.0875,21.24375
-0.07305,9.82005,1.08105,5.27837,58.60571,16.36296,2.75625,52.0875,21.24375
-0.16605,9.954,1.24605,6.53888,65.1367,16.99321,2.75625,52.0875,21.24375
-0.147,10.02105,1.392,8.14603,67.71287,16.13449,2.08125,52.3125,22.14375
-0.13005,10.14105,1.41405,7.05884,68.34312,15.33092,2.08125,52.3125,22.14375
0.08805,10.701,0.42405,-2.8519,59.23596,12.69961,2.08125,52.3125,22.14375
0.195,10.61205,0.31395,-11.84877,62.95446,9.94225,2.08125,52.3125,22.14375
0.435,10.143,0.93705,-8.0121,77.67875,5.64865,2.08125,52.3125,22.14375
0.69495,9.77205,1.083,-5.49108,79.63254,3.41125,2.08125,52.3125,22.14375
0.88395,9.585,0.717,-2.91492,74.64565,1.81198,2.08125,52.3125,22.14375
0.94905,9.64005,0.489,-1.88288,65.19186,2.6707,2.08125,52.3125,22.14375
0.879,9.762,0.16095,-4.23058,47.54475,4.26997,0.9,52.3125,22.14375
0.879,9.762,0.16095,-3.94696,36.14504,5.19171,0.9,52.3125,22.14375
1.104,10.071,0.82695,0.00788,30.75638,6.73584,0.9,52.3125,22.14375
1.36095,10.07595,0.84405,0.92962,27.32149,7.65758,0.9,52.3125,22.14375
1.41795,9.97095,0.72105,0.00788,25.94281,8.05149,0.9,52.3125,22.14375
1.37505,9.846,0.69795,-0.73267,31.73327,8.39813,0.9,52.3125,22.14375
1.36995,9.65895,0.87495,1.09507,38.60303,8.45328,0.9,52.3125,22.14375
1.449,9.669,0.963,2.47375,47.31628,8.5163,0.9,52.3125,22.14375
1.52805,9.813,0.777,2.58404,47.71807,8.68174,-0.84375,52.18125,21.65625
1.63905,9.99705,0.50505,2.01681,43.87352,9.08353,-0.84375,52.18125,21.65625
1.77495,10.11405,0.49605,1.32353,37.57099,10.40706,-0.84375,52.18125,21.65625
1.85595,10.19295,0.63795,0.58298,23.87873,12.40812,-0.84375,52.18125,21.65625
1.983,10.14795,0.88695,2.58404,19.41181,13.96012,-0.84375,52.18125,21.65625
2.046,9.939,1.191,5.16808,21.87768,15.78785,-0.84375,52.18125,21.65625
1.878,9.738,1.485,7.74424,32.24535,19.23061,-0.84375,52.18125,21.65625
1.797,9.61095,1.689,7.51577,46.16608,19.51423,-0.84375,52.18125,21.65625
1.84395,9.67395,1.71795,6.20012,54.87933,17.395,-0.84375,52.18125,21.65625
1.89705,9.83895,1.521,3.73425,60.20498,13.96012,-0.84375,52.18125,21.65625
1.85205,9.86805,1.39905,0.7563,64.79007,10.34404,-2.64375,52.36875,21.65625
1.65495,9.81,1.55295,-0.10242,65.99542,9.83196,-2.64375,52.36875,21.65625
1.48005,9.987,1.51905,-0.7957,67.94133,9.83196,-2.64375,52.36875,21.65625
1.54005,10.191,1.26495,-1.93803,74.41719,6.50737,-2.64375,52.36875,21.65625
1.77495,10.26795,0.97305,-1.93803,69.1467,3.87606,-2.64375,52.36875,21.65625
1.86105,10.15305,0.78405,-1.13446,55.16294,1.06355,-2.64375,52.36875,21.65625
1.86795,9.95895,0.89895,1.72532,28.11719,1.52049,-2.64375,52.36875,21.65625
1.71495,9.726,0.99405,3.45064,14.25161,1.63866,-2.64375,52.36875,21.65625
1.746,9.77895,1.287,5.10505,13.56621,1.06355,-4.55625,52.6875,21.24375
2.067,9.92805,1.34205,2.58404,30.52791,-0.82721,-4.55625,52.6875,21.24375
2.151,9.85305,1.12605,0.40966,38.31942,-0.9375,-4.55625,52.6875,21.24375
2.18895,9.73095,1.05705,-1.19748,48.68709,0.4333,-4.55625,52.6875,21.24375
2.22495,9.63105,1.023,-2.0562,53.32733,1.00841,-4.55625,52.6875,21.24375
2.259,9.59505,1.03995,-2.28467,57.17188,1.69381,-4.55625,52.6875,21.24375
2.21595,9.68595,0.999,-3.08824,59.17294,1.81198,-4.55625,52.6875,21.24375
2.16105,9.77895,0.87,-3.77364,62.21391,2.84402,-4.55625,52.6875,21.24375
2.055,9.74505,0.87495,-2.56828,61.7491,5.07354,-4.55625,52.6875,21.24375
1.91895,9.63795,1.01805,-0.33088,57.91242,4.78993,-6.6,52.8,20.7
2.007,9.68295,1.236,5.04991,52.01168,6.50737,-6.6,52.8,20.7
1.77705,9.85995,1.248,5.73531,52.64193,6.79098,-6.6,52.8,20.7
1.86795,10.095,1.07595,4.59297,51.27113,6.56252,-6.6,52.8,20.7
1.64595,10.22895,1.01805,2.70221,51.38142,6.45222,-6.6,52.8,20.7
1.51905,10.14495,0.97095,2.4186,47.42658,6.73584,-6.6,52.8,20.7
1.33695,9.97995,1.07805,4.19119,46.56786,6.90915,-6.6,52.8,20.7
1.09995,9.94395,1.35405,6.20012,49.54581,6.39707,-6.6,52.8,20.7
1.104,10.09005,1.062,5.04991,51.72806,5.01839,-6.6,52.8,20.7
1.104,10.09005,1.062,2.07196,50.5227,2.6707,-8.625,52.9125,19.5
1.09695,9.837,0.83205,0.35452,42.44758,-0.2521,-8.625,52.9125,19.5
1.08495,9.64695,1.04205,2.12711,34.82151,-1.28414,-8.625,52.9125,19.5
1.13805,9.61395,1.296,4.36451,31.73327,-2.08771,-8.625,52.9125,19.5
1.24095,9.75705,1.33005,4.01787,30.70123,-2.66282,-8.625,52.9125,19.5
1.26495,10.05195,1.04505,-0.85084,37.00376,-0.48057,-8.625,52.9125,19.5
1.248,10.18605,1.086,-2.7416,41.18707,0.03151,-8.625,52.9125,19.5
1.10205,9.99195,1.15995,-5.31776,49.54581,1.52049,-8.625,52.9125,19.5
0.94905,9.89205,1.203,-5.89287,53.67397,2.32406,-10.6125,53.1,17.94375
0.819,9.89595,1.05195,-7.15338,52.35831,2.78099,-10.6125,53.1,17.94375
0.77895,9.93,0.90795,-7.72848,50.80631,2.78099,-10.6125,53.1,17.94375
0.807,9.93,1.05405,-6.63342,47.19811,2.37921,-10.6125,53.1,17.94375
0.70905,9.92505,1.02795,-5.89287,44.50378,2.15074,-10.6125,53.1,17.94375
0.65805,9.92505,1.143,-4.23058,44.74013,2.04045,-10.6125,53.1,17.94375
0.68295,9.90405,1.26,-1.4811,49.89245,1.63866,-10.6125,53.1,17.94375
0.72105,9.90405,1.27005,-1.53624,50.46755,1.63866,-10.6125,53.1,17.94375
0.74295,9.90105,1.12395,-1.30778,48.86041,1.92227,-10.6125,53.1,17.94375
0.70395,9.834,1.12905,-0.33088,43.53476,2.61555,-11.8125,53.025,15.825
0.55695,9.729,1.287,0.58298,42.15609,3.52942,-11.8125,53.025,15.825
0.38205,9.657,1.45905,2.4186,45.02374,4.33299,-11.8125,53.025,15.825
0.11595,9.71895,1.94505,6.48373,53.27218,5.53048,-11.8125,53.025,15.825
0.13995,9.96105,1.737,5.22323,58.0306,5.42018,-11.8125,53.025,15.825
0.17895,10.24395,1.26,1.26839,59.86621,5.19171,-11.8125,53.025,15.825
0.14295,10.46895,0.978,-5.03415,60.89037,4.50631,-11.8125,53.025,15.825
0.11895,10.62195,1.04505,-8.18542,59.92136,2.61555,-11.8125,53.025,15.825
0.01305,9.87195,1.12905,-7.38184,63.01748,1.9853,-13.14375,53.34375,14.04375
-0.219,9.46005,1.39695,-1.07931,72.63673,3.07249,-13.14375,53.34375,14.04375
-0.183,9.312,1.48095,3.27732,73.78693,2.55253,-13.14375,53.34375,14.04375
0.01605,9.40305,1.50195,7.16913,72.35311,1.58351,-13.14375,53.34375,14.04375
0.174,9.52995,1.452,10.66704,65.99542,0.95326,-13.14375,53.34375,14.04375
0.10905,9.62805,1.30605,11.58091,60.83522,1.23687,-13.14375,53.34375,14.04375
0.09195,9.74805,1.26795,10.84036,55.56473,1.86713,-13.14375,53.34375,14.04375
0.11595,9.82905,1.212,10.14708,50.80631,2.72585,-13.14375,53.34375,14.04375
0.16395,9.91305,1.37505,10.43857,49.08887,4.33299,-13.14375,53.34375,14.04375
0.09705,9.939,1.66005,11.52576,52.24014,5.53048,-14.2125,53.45625,12
0.16905,9.99,1.272,9.69015,53.84729,8.28783,-14.2125,53.45625,12
0.37005,9.94395,1.18395,8.77628,53.39035,8.34298,-14.2125,53.45625,12
0.37005,9.94395,1.18395,10.09194,52.98857,9.02838,-14.2125,53.45625,12
0.27405,9.666,1.45695,11.12398,54.87933,10.69068,-14.2125,53.45625,12
0.08805,9.71205,1.335,11.24215,57.45549,12.29782,-14.2125,53.45625,12
0.00105,9.74295,1.32,10.3204,57.62881,13.21169,-14.2125,53.45625,12
-0.003,9.73095,1.33695,9.57985,56.77009,14.41705,-14.2125,53.45625,12
-0.018,9.753,1.332,9.40654,54.30423,14.81884,-14.2125,53.45625,12
-0.219,9.84405,1.18605,8.09088,54.24907,16.18964,-15.0,53.86875,9.58125
-0.27195,9.98505,1.23405,8.02785,55.1078,16.07934,-15.0,53.86875,9.58125
-0.25995,10.15995,1.15695,7.97271,56.31316,15.10245,-15.0,53.86875,9.58125
0.006,10.33695,0.753,5.45169,56.54163,12.52629,-15.0,53.86875,9.58125
-0.13005,10.73205,0.43605,1.32353,60.55161,9.71378,-15.0,53.86875,9.58125
0.19095,11.01195,0.41295,-1.65442,58.48753,7.65758,-15.0,53.86875,9.58125
0.42,10.60095,0.219,-2.79675,56.59677,7.31094,-15.0,53.86875,9.58125
0.648,9.777,0.74805,1.89864,55.16294,7.08247,-15.0,53.86875,9.58125
0.648,9.777,0.74805,5.10505,53.90244,7.13762,-15.0,53.86875,9.58125
0.798,9.46005,0.76905,6.42859,50.12091,7.82302,-15.24375,54.3,6.7875
0.79095,9.30495,0.48195,5.50684,47.0248,9.37502,-15.24375,54.3,6.7875
0.60705,9.504,0.29295,4.19119,46.33939,9.71378,-15.24375,54.3,6.7875
0.59505,9.86805,0.27795,2.58404,48.45862,9.77681,-15.24375,54.3,6.7875
0.88605,10.09005,0.48705,0.63813,51.60989,8.6266,-15.24375,54.3,6.7875
0.88605,10.09005,0.48705,0.12605,51.15296,7.59456,-15.24375,54.3,6.7875
1.05705,10.29195,0.38595,-1.36292,46.68604,6.45222,-15.24375,54.3,6.7875
1.19505,10.179,0.219,-1.99318,42.95966,6.45222,-15.24375,54.3,6.7875
1.215,9.939,0.28305,-0.90599,40.66711,6.79886,-15.24375,54.3,6.7875
1.26495,9.74295,0.37695,1.49685,39.05997,5.99529,-15.24375,54.3,6.7875
1.28205,9.69495,0.38895,4.36451,41.29737,5.70379,-14.94375,54.6,3.7125
1.21905,9.714,0.29805,4.87659,41.58098,6.16861,-14.94375,54.6,3.7125
1.45905,10.09305,0.30195,6.65705,38.49274,5.53835,-14.94375,54.6,3.7125
1.593,10.122,0.192,6.25527,34.76636,5.82197,-14.94375,54.6,3.7125
1.761,9.966,0.24195,6.7122,31.96173,6.33405,-14.94375,54.6,3.7125
1.926,9.80805,0.60195,9.28836,29.77948,7.31094,-14.94375,54.6,3.7125
2.058,9.65205,0.81195,12.15602,29.60616,9.08353,-14.94375,54.6,3.7125
2.23695,9.67395,0.657,11.75423,28.97591,10.06042,-14.94375,54.6,3.7125
2.23695,9.87,0.726,11.35244,29.84251,11.89604,-14.94375,54.6,3.7125
2.07195,9.951,0.80805,8.31935,32.07203,12.63658,-13.9125,54.84375,0.84375
2.03595,9.91095,0.81,5.50684,45.76429,12.00633,-13.9125,54.84375,0.84375
1.79895,9.837,0.777,5.62501,58.54268,9.77681,-13.9125,54.84375,0.84375
1.935,10.098,0.31695,2.82038,61.69394,7.08247,-13.9125,54.84375,0.84375
1.761,10.179,0.135,0.69328,54.8163,6.56252,-13.9125,54.84375,0.84375
1.69395,10.17195,0.21105,0.29937,48.45862,7.13762,-13.9125,54.84375,0.84375
1.54305,10.035,0.228,0.69328,45.3625,6.9643,-13.9125,54.84375,0.84375
1.689,10.02105,0.26205,2.70221,39.92656,5.36503,-13.9125,54.84375,0.84375
1.959,9.88695,0.50505,7.3976,26.74639,2.04045,-12.54375,54.95625,-1.85625
1.959,9.88695,0.50505,8.65811,21.24743,1.29202,-12.54375,54.95625,-1.85625
1.86105,9.87195,0.53895,9.28836,19.8136,1.18173,-12.54375,54.95625,-1.85625
1.77705,9.93705,0.66195,8.72113,21.93282,1.12658,-12.54375,54.95625,-1.85625
1.99995,9.90405,0.76005,6.53888,28.63715,0.49632,-12.54375,54.95625,-1.85625
2.16105,9.91995,0.49395,3.61608,33.90764,-0.37027,-12.54375,54.95625,-1.85625
2.199,9.94395,0.312,-0.10242,41.29737,-1.11082,-12.54375,54.95625,-1.85625
2.23995,9.89205,0.288,-3.94696,52.92554,-1.63078,-12.54375,54.95625,-1.85625
2.211,9.85095,0.252,-4.80568,59.11779,-1.33929,-12.54375,54.95625,-1.85625
2.187,9.78105,0.10095,-5.94802,63.8762,-1.16597,-10.85625,55.5,-4.3875
1.86405,9.86505,0.084,-5.26262,65.99542,2.61555,-10.85625,55.5,-4.3875
1.95,9.82005,0.19005,-3.82879,65.47547,3.47427,-10.85625,55.5,-4.3875
2.17305,9.72195,0.216,-1.19748,61.58365,3.93121,-10.85625,55.5,-4.3875
2.17305,9.72195,0.216,1.4417,55.39141,3.81303,-10.85625,55.5,-4.3875
2.35005,9.77895,0.16605,2.87553,46.33939,1.41019,-10.85625,55.5,-4.3875
2.44605,10.08795,0.17295,3.7894,44.62195,2.04045,-10.85625,55.5,-4.3875
1.947,10.16505,0.252,3.90757,43.87352,2.21377,-10.85625,55.5,-4.3875
1.70595,10.08105,0.28095,5.10505,47.19811,2.78099,-10.85625,55.5,-4.3875
1.401,9.97995,0.405,5.39655,51.43657,2.95431,-10.85625,55.5,-4.3875
1.27395,9.942,0.405,4.41965,52.58678,2.49738,-8.15625,55.55625,-6.88125
1.284,9.975,0.36,3.50579,49.8373,1.41019,-8.15625,55.55625,-6.88125
1.296,9.97995,0.46305,0.8666,44.90557,-1.79622,-8.15625,55.55625,-6.88125
1.179,9.96795,0.34095,-2.91492,44.22017,-4.89234,-8.15625,55.55625,-6.88125
1.06095,9.93,0.25905,-3.88394,44.79527,-6.0977,-8.15625,55.55625,-6.88125
1.107,9.82905,0.26895,-3.02522,43.87352,-7.53153,-8.15625,55.55625,-6.88125
1.34895,9.80505,0.468,0.8666,39.57993,-6.83825,-8.15625,55.55625,-6.88125
1.44195,9.774,0.489,4.19119,32.8756,-4.49056,-8.15625,55.55625,-6.88125
1.485,9.85095,0.51495,4.87659,29.77948,-3.75001,-5.2875,55.6125,-8.8875
1.416,9.975,0.62805,5.22323,29.21226,-2.37133,-5.2875,55.6125,-8.8875
1.21905,10.002,0.786,4.30936,29.55102,-1.33929,-5.2875,55.6125,-8.8875
1.07595,10.002,0.81705,2.64706,31.6151,-0.59874,-5.2875,55.6125,-8.8875
0.939,10.03305,0.79305,0.35452,32.8756,0.4333,-5.2875,55.6125,-8.8875
0.85305,10.04505,0.68595,-1.42595,34.01794,0.20483,-5.2875,55.6125,-8.8875
0.82905,9.999,0.489,-4.23058,32.52896,-1.68593,-5.2875,55.6125,-8.8875
0.66195,10.167,0.67095,-2.68646,29.66919,-3.05673,-5.2875,55.6125,-8.8875
0.612,10.04205,0.777,-0.96901,27.83357,-4.38026,-5.2875,55.6125,-8.8875
0.54495,9.89895,0.68295,-0.10242,26.9197,-4.8372,-2.2125,55.25625,-10.55625
0.588,9.91095,0.549,0.1812,23.53997,-5.64077,-2.2125,55.25625,-10.55625
0.67395,9.942,0.46305,-0.16544,19.41181,-5.64077,-2.2125,55.25625,-10.55625
0.77595,9.939,0.56805,-0.44906,19.64028,-5.5226,-2.2125,55.25625,-10.55625
0.87705,9.954,0.714,-0.27574,19.35666,-4.94749,-2.2125,55.25625,-10.55625
0.97005,9.93195,0.702,-0.96901,19.1282,-3.57669,-2.2125,55.25625,-10.55625
0.954,9.96105,0.58305,-1.99318,23.82359,-2.19801,-2.2125,55.25625,-10.55625
0.94605,9.999,0.68295,-3.25368,26.69124,-0.13393,-2.2125,55.25625,-10.55625
0.87405,9.97305,0.798,-5.26262,30.6382,1.41019,0.24375,54.9,-11.2875
0.87405,9.97305,0.798,-5.89287,33.04892,2.15074,0.24375,54.9,-11.2875
0.81705,9.95895,0.927,-6.23951,37.51585,2.49738,0.24375,54.9,-11.2875
0.65505,9.714,1.04505,-3.65547,45.2522,2.89917,0.24375,54.9,-11.2875
0.51405,9.62595,1.10505,-1.65442,45.88246,4.0415,0.24375,54.9,-11.2875
0.483,9.70005,0.927,0.69328,41.98277,4.9081,0.24375,54.9,-11.2875
0.504,9.813,0.798,2.01681,41.29737,4.10453,0.24375,54.9,-11.2875
0.58995,10.02105,0.87,2.58404,41.35251,2.72585,0.24375,54.9,-11.2875
0.62895,10.12605,0.987,2.75736,40.3835,1.29202,0.24375,54.9,-11.2875
0.576,10.191,1.01595,1.95379,40.78528,2.72585,0.24375,54.9,-11.2875
0.159,10.46595,0.82695,-1.4811,45.59885,3.41125,2.5875,54.4125,-11.34375
0.159,10.46595,0.82695,-2.45799,52.46861,4.10453,2.5875,54.4125,-11.34375
0.198,10.23195,0.98295,-2.97007,59.06264,1.58351,2.5875,54.4125,-11.34375
0.198,10.23195,0.98295,-1.93803,61.81212,0.89023,2.5875,54.4125,-11.34375
0.246,9.666,1.12395,-0.16544,62.72599,-0.19695,2.5875,54.4125,-11.34375
0.30795,9.58305,1.047,-0.56723,58.25906,-0.59874,2.5875,54.4125,-11.34375
0.315,9.55395,0.939,-1.36292,53.39035,-1.05567,2.5875,54.4125,-11.34375
0.26205,9.60705,1.047,-0.56723,54.07576,-1.56776,2.5875,54.4125,-11.34375
0.26205,9.70695,1.047,-1.13446,55.7932,-1.74108,2.5875,54.4125,-11.34375
0.30795,9.82695,0.903,-0.5042,56.70707,-1.33929,4.3875,54.35625,-11.2875
0.459,9.92295,0.94395,0.46481,59.2911,-1.11082,4.3875,54.35625,-11.2875
0.58095,9.96795,0.94395,1.38656,57.80213,-0.82721,4.3875,54.35625,-11.2875
0.672,9.94695,1.026,3.04885,56.13984,0.55147,4.3875,54.35625,-11.2875
0.504,9.82695,1.047,3.96272,57.40034,3.98635,4.3875,54.35625,-11.2875
0.516,9.62805,1.05195,5.27837,60.55161,6.22375,4.3875,54.35625,-11.2875
0.45195,9.59895,1.083,6.42859,62.44238,7.48426,4.3875,54.35625,-11.2875
0.37005,9.633,1.131,7.68909,60.43344,9.14655,4.3875,54.35625,-11.2875
0.15195,9.90795,1.10205,6.53888,56.54163,11.14761,6.1875,54.4125,-10.9125
0.02295,10.095,0.95595,4.53783,56.59677,11.72272,6.1875,54.4125,-10.9125
-0.09405,10.18905,1.01595,2.82038,56.99856,12.98322,6.1875,54.4125,-10.9125
-0.051,10.16895,1.227,2.58404,60.72493,13.32986,6.1875,54.4125,-10.9125
-0.03705,10.15005,1.43505,3.90757,62.89931,12.1245,6.1875,54.4125,-10.9125
0.054,10.143,1.371,2.93068,62.72599,11.95118,6.1875,54.4125,-10.9125
0.15705,10.51905,0.32595,-5.31776,60.20498,9.77681,6.1875,54.4125,-10.9125
0.16905,10.39695,0.24,-9.95801,60.60676,9.312,6.1875,54.4125,-10.9125
0.258,10.095,0.40305,-7.03521,65.76696,8.85506,7.74375,54.05625,-9.84375
0.504,9.669,0.618,-0.56723,72.17979,7.13762,7.74375,54.05625,-9.84375
0.62595,9.62295,0.54705,2.30043,73.55846,5.5935,7.74375,54.05625,-9.84375
0.75195,9.63105,0.36705,4.71115,64.38828,3.70274,7.74375,54.05625,-9.84375
0.77595,9.67395,0.24,4.30936,57.96757,5.53048,7.74375,54.05625,-9.84375
0.93405,10.023,0.26205,3.50579,43.70808,6.16073,7.74375,54.05625,-9.84375
1.05405,10.371,0.288,1.55988,42.44758,6.2789,7.74375,54.05625,-9.84375
1.24605,10.50495,0.34995,0.63813,44.79527,6.56252,7.74375,54.05625,-9.84375
1.37295,10.39695,0.40995,1.55988,48.75011,6.73584,7.74375,54.05625,-9.84375
1.54005,10.107,0.48,4.53783,55.39141,7.36609,9.3,53.45625,-8.5875
1.698,9.88695,0.573,5.90863,59.22808,7.53941,9.3,53.45625,-8.5875
1.83705,9.729,0.39795,8.25632,53.50065,8.85506,9.3,53.45625,-8.5875
1.87095,9.72405,0.336,6.53888,52.8704,10.23374,9.3,53.45625,-8.5875
1.84905,9.96105,0.34995,4.53783,57.91242,10.864,9.3,53.45625,-8.5875
1.79895,10.05,0.29805,3.67911,64.10467,13.38501,9.3,53.45625,-8.5875
1.89195,9.99495,0.28305,2.93068,62.67084,14.75581,9.3,53.45625,-8.5875
2.10795,9.96795,0.3,2.52889,59.85833,14.70066,9.3,53.45625,-8.5875
2.247,9.786,0.456,5.50684,58.94447,15.61453,10.5,53.2875,-6.95625
2.079,9.62595,0.83205,7.46063,62.04059,15.33092,10.5,53.2875,-6.95625
2.02305,9.68295,0.942,7.3976,65.87726,14.98428,10.5,53.2875,-6.95625
1.96695,9.786,0.79095,5.68016,69.25699,13.38501,10.5,53.2875,-6.95625
1.93995,9.939,0.777,3.27732,71.54954,12.58144,10.5,53.2875,-6.95625
1.84905,10.12605,0.786,0.06303,75.15774,11.03732,10.5,53.2875,-6.95625
1.85895,10.227,0.777,-1.13446,75.73284,9.71378,10.5,53.2875,-6.95625
1.85895,10.227,0.777,-0.44906,71.2029,8.11452,10.5,53.2875,-6.95625
1.962,9.89205,0.53205,0.06303,61.29216,5.70379,10.5,53.2875,-6.95625
1.90695,9.789,0.67605,2.12711,57.80213,4.50631,10.5,53.2875,-6.95625
1.785,9.74505,0.89895,3.90757,56.82524,3.87606,11.64375,53.4,-4.9875
1.713,9.88395,0.75,3.33247,53.61882,2.09559,11.64375,53.4,-4.9875
1.76805,9.975,0.642,2.24528,50.06577,1.29202,11.64375,53.4,-4.9875
1.80105,10.04205,0.609,0.00788,46.33939,0.49632,11.64375,53.4,-4.9875
1.92795,10.06605,0.58995,-2.22164,44.85042,-0.76418,11.64375,53.4,-4.9875
2.022,9.97095,0.65205,-3.60032,46.28425,-1.56776,11.64375,53.4,-4.9875
2.151,9.84105,0.65895,-4.28572,50.75117,-2.26103,11.64375,53.4,-4.9875
2.26095,9.65895,0.738,-4.00211,57.80213,-3.68698,11.64375,53.4,-4.9875
2.36205,9.64305,0.68805,-4.17543,58.43238,-3.45852,11.64375,53.4,-4.9875
2.39805,9.68595,0.61605,-4.74266,56.25013,-2.08771,11.64375,53.4,-4.9875
2.352,9.85605,0.65205,-5.31776,53.32733,-0.19695,13.14375,53.15625,-2.75625
2.17995,9.95595,0.693,-5.26262,55.44656,1.41019,13.14375,53.15625,-2.75625
2.17995,9.95595,0.693,-5.43594,57.91242,2.49738,13.14375,53.15625,-2.75625
1.998,10.122,0.61395,-6.57827,57.62881,3.52942,13.14375,53.15625,-2.75625
1.833,10.16895,0.52995,-6.12134,56.07681,4.78993,13.14375,53.15625,-2.75625
1.749,10.09005,0.64995,-4.45904,56.65192,5.07354,13.14375,53.15625,-2.75625
1.29105,9.954,0.92295,-0.56723,58.43238,6.16861,13.14375,53.15625,-2.75625
1.15995,9.96795,0.80295,-0.44906,53.84729,5.82197,13.14375,53.15625,-2.75625
1.04505,9.942,0.597,-1.42595,47.31628,4.84507,14.5125,53.2125,-0.05625
1.06605,9.882,0.61395,-1.19748,40.26532,1.63866,14.5125,53.2125,-0.05625
0.882,9.669,0.681,-0.96114,42.84149,3.12763,14.5125,53.2125,-0.05625
0.53805,9.32205,0.927,-0.22059,43.87352,0.55147,14.5125,53.2125,-0.05625
0.99405,9.41505,1.04505,0.58298,42.55787,-1.05567,14.5125,53.2125,-0.05625
1.128,9.63795,1.03005,1.32353,41.52583,-2.94644,14.5125,53.2125,-0.05625
1.296,10.122,0.951,-0.7957,37.51585,-2.4895,14.5125,53.2125,-0.05625
1.27695,10.30095,0.71205,-2.8519,35.56993,-1.28414,14.5125,53.2125,-0.05625
1.224,10.284,0.83595,-2.79675,34.5379,0.55147,14.5125,53.2125,-0.05625
1.09005,10.122,1.09995,-0.7957,42.38455,2.78099,15.4875,52.6125,3.24375
1.00305,9.99195,1.24095,0.1812,46.51271,3.3561,15.4875,52.6125,3.24375
0.903,9.88905,1.22895,0.1812,48.05684,3.30095,15.4875,52.6125,3.24375
0.60195,9.93195,0.76695,-2.28467,47.54475,3.93121,15.4875,52.6125,3.24375
0.60195,9.93195,0.76695,-4.17543,47.5999,3.70274,15.4875,52.6125,3.24375
0.55005,9.96105,0.61605,-5.20747,45.82731,2.84402,15.4875,52.6125,3.24375
0.43995,9.987,0.84795,-5.43594,45.88246,1.41019,15.4875,52.6125,3.24375
0.37995,9.98505,0.97995,-3.60032,44.6771,-0.02363,15.4875,52.6125,3.24375
0.40395,10.00695,1.17405,0.23635,45.65399,-1.28414,15.4875,52.6125,3.24375
0.36495,10.074,1.00305,0.40966,36.42866,-2.19801,15.9,51.95625,6.3
0.42495,10.071,0.702,-0.56723,25.36771,-2.26103,15.9,51.95625,6.3
0.447,9.99,0.65895,-2.0562,19.75845,-1.74108,15.9,51.95625,6.3
0.38205,9.939,0.85095,-2.56828,18.95488,-0.9375,15.9,51.95625,6.3
0.32895,9.85995,1.086,-1.88288,22.79155,-0.9375,15.9,51.95625,6.3
0.29805,9.67395,1.48095,2.07196,31.55995,-0.76418,15.9,51.95625,6.3
0.32205,9.59505,1.785,4.01787,34.25428,-1.00053,15.9,51.95625,6.3
0.28905,9.53205,1.76805,5.85348,34.13611,-0.70904,15.9,51.95625,6.3
-0.03195,9.66405,1.52595,6.36556,36.02687,0.72479,15.9,51.95625,6.3
-0.12795,9.942,1.464,5.50684,37.23223,0.83509,15.9,51.95625,6.3
-0.09195,10.227,1.15305,2.75736,40.15503,0.60662,15.65625,51.525,9.35625
0.07095,10.31805,1.026,0.98477,40.15503,-0.9375,15.65625,51.525,9.35625
0.066,10.122,1.07805,0.7563,32.3005,-1.85925,15.65625,51.525,9.35625
-0.099,9.69495,1.002,1.552,24.73745,-0.42542,15.65625,51.525,9.35625
-0.18795,9.62805,1.11705,2.52889,21.01896,0.49632,15.65625,51.525,9.35625
-0.18795,9.62805,1.11705,4.41965,20.72746,0.95326,15.65625,51.525,9.35625
-0.111,9.80505,1.50195,9.46168,26.85668,-0.19695,15.65625,51.525,9.35625
-0.06105,9.91095,1.557,11.2973,28.63715,-0.19695,15.65625,51.525,9.35625
0.03,9.97995,1.42095,10.89551,29.77948,-0.59874,15.65625,51.525,9.35625
0.11895,9.951,1.28205,7.3976,28.46383,1.41019,14.5875,51.1875,12.16875
0.066,9.84105,1.20495,4.13604,26.3446,3.93121,14.5875,51.1875,12.16875
-0.04395,9.81705,1.10505,1.49685,26.28945,5.5935,14.5875,51.1875,12.16875
-0.063,9.93195,1.344,-0.73267,33.67918,8.16966,14.5875,51.1875,12.16875
-0.13995,9.91305,1.36605,-0.22059,33.50586,9.2017,14.5875,51.1875,12.16875
-0.09705,9.92505,1.24605,-2.7416,34.30943,10.63553,14.5875,51.1875,12.16875
-0.138,9.81,1.119,-2.68646,34.01794,11.37608,14.5875,51.1875,12.16875
-0.22395,9.72405,1.179,-2.7416,32.59199,12.00633,14.5875,51.1875,12.16875
-0.20895,9.834,1.18395,-2.0562,33.96279,12.1245,13.6125,50.94375,14.5875
-0.16395,10.14105,1.27905,0.23635,32.64714,10.34404,13.6125,50.94375,14.5875
0.04905,10.42605,1.215,2.52889,28.34565,7.65758,13.6125,50.94375,14.5875
0.468,10.40205,0.975,4.41965,20.61717,4.27785,13.6125,50.94375,14.5875
0.52605,10.06905,1.047,5.62501,19.23849,2.72585,13.6125,50.94375,14.5875
0.71205,9.858,1.29105,6.88552,18.55309,2.38709,13.6125,50.94375,14.5875
0.80505,9.74505,1.33695,3.50579,23.93388,4.78993,13.6125,50.94375,14.5875
0.87705,9.76695,0.822,-3.37186,31.03999,7.48426,13.6125,50.94375,14.5875
0.98505,9.99495,0.765,-6.06619,30.23641,7.76788,11.8875,50.64375,17.025
1.24605,10.098,0.537,-5.43594,20.61717,8.11452,11.8875,50.64375,17.025
1.04895,9.80505,0.79995,-0.67752,21.87768,11.03732,11.8875,50.64375,17.025
1.17405,9.789,1.17195,3.84455,26.57307,9.65864,11.8875,50.64375,17.025
1.57395,9.90105,1.143,7.51577,22.50793,6.2789,11.8875,50.64375,17.025
1.63605,9.67095,0.951,10.43857,13.84982,5.70379,11.8875,50.64375,17.025
1.55505,9.56595,1.008,9.57985,12.3057,8.11452,11.8875,50.64375,17.025
1.413,9.62295,1.18605,8.54781,15.00003,10.28889,11.8875,50.64375,17.025
1.51605,9.93195,1.11705,5.45169,22.4449,8.85506,10.3875,50.5875,19.0125
1.57905,10.24395,0.91995,3.56093,22.56308,6.16861,10.3875,50.5875,19.0125
1.581,10.359,0.74805,1.95379,21.81465,4.56146,10.3875,50.5875,19.0125
1.58595,10.191,0.90795,-0.5042,16.71748,4.21482,10.3875,50.5875,19.0125
1.821,10.11705,1.03005,-4.05726,7.20853,4.27785,10.3875,50.5875,19.0125
1.914,10.06395,0.85305,-6.06619,-4.48268,3.30095,10.3875,50.5875,19.0125
2.15295,9.98295,0.97095,-6.57827,-10.61189,2.21377,10.3875,50.5875,19.0125
2.18505,9.68295,1.356,-6.23951,-7.05884,1.58351,10.3875,50.5875,19.0125
2.32305,9.58305,1.52595,-4.86083,-7.40548,-0.2521,10.3875,50.5875,19.0125
2.33505,9.61095,1.47105,-2.45799,-7.86241,-1.51261,10.3875,50.5875,19.0125
2.15295,9.54195,1.596,-3.88394,1.76471,-0.13393,8.8125,50.7,20.4
2.18205,10.098,0.76905,-8.18542,-14.04678,-2.26103,8.8125,50.7,20.4
1.91595,10.24095,0.49395,-9.50107,-19.3803,-3.05673,8.8125,50.7,20.4
1.60005,10.05405,0.86505,-10.02103,-17.66286,-2.89129,8.8125,50.7,20.4
1.49505,9.87,1.25295,-9.61924,-10.43857,-2.31618,8.8125,50.7,20.4
1.52805,9.73605,1.19805,-7.66546,-6.14497,-2.5998,8.8125,50.7,20.4
1.461,9.52305,1.02795,-5.14444,-3.27732,-1.28414,8.8125,50.7,20.4
1.33695,9.348,1.24395,-3.77364,4.1124,1.06355,8.8125,50.7,20.4
1.25505,9.477,1.359,-3.88394,7.61031,2.44223,8.8125,50.7,20.4
1.85895,10.05,1.15005,-2.1665,2.39496,-0.19695,7.2,51.0,20.925
1.47795,10.36605,1.05405,-4.23058,-0.01576,-2.19801,7.2,51.0,20.925
1.48005,10.31295,0.75495,-6.40495,-2.13498,-2.82826,7.2,51.0,20.925
1.071,9.70995,1.29105,-4.75054,5.19959,-1.63078,7.2,51.0,20.925
0.97995,9.64005,1.428,-2.28467,9.09929,-0.76418,7.2,51.0,20.925
0.89595,9.62805,1.42305,1.89864,11.44698,0.4333,7.2,51.0,20.925
0.99195,9.79095,1.26495,5.73531,8.57933,0.14969,7.2,51.0,20.925
0.96795,9.89205,1.188,7.3976,1.99318,-0.19695,7.2,51.0,20.925
0.72405,9.99495,1.371,9.40654,-9.40654,-0.13393,6.3,51.3,21.24375
0.69705,10.03305,1.45695,8.09088,-9.00475,-0.13393,6.3,51.3,21.24375
0.62595,9.91605,1.371,5.68016,-9.29624,-0.2521,6.3,51.3,21.24375
0.64995,9.939,1.083,2.81251,-10.21011,-0.59874,6.3,51.3,21.24375
0.834,10.062,1.08105,2.52889,-12.62083,-2.08771,6.3,51.3,21.24375
1.023,10.12605,1.12605,0.98477,-11.06883,-3.00158,6.3,51.3,21.24375
1.06605,10.11195,1.167,-0.22059,-2.4186,-3.11976,6.3,51.3,21.24375
1.05705,9.93195,1.545,1.84349,4.1124,-2.31618,6.3,51.3,21.24375
0.99195,9.73395,1.656,3.04885,8.0121,-0.42542,6.3,51.3,21.24375
1.047,9.82905,1.04205,3.7894,2.11135,0.03151,5.8125,51.3,21.54375
0.942,9.95595,0.89895,3.33247,0.10242,0.03151,5.8125,51.3,21.54375
0.843,10.04205,0.98295,0.35452,1.70956,0.72479,5.8125,51.3,21.54375
0.91305,9.90105,1.224,1.15809,0.90599,0.77994,5.8125,51.3,21.54375
0.87705,9.837,1.236,2.35557,1.875,0.95326,5.8125,51.3,21.54375
0.894,9.837,1.03995,2.35557,3.60032,0.77994,5.8125,51.3,21.54375
0.93705,9.84105,1.12395,2.4186,5.7747,0.25998,5.8125,51.3,21.54375
1.047,9.954,1.09995,2.30043,6.05831,-1.33929,5.5125,51.6,21.54375
1.00305,9.963,1.008,2.47375,3.25368,-1.28414,5.5125,51.6,21.54375
1.011,9.89205,0.97095,1.72532,-0.01576,-0.82721,5.5125,51.6,21.54375
1.03695,9.85095,1.02105,1.15809,2.27679,0.60662,5.5125,51.6,21.54375
1.09695,9.88395,1.10895,1.67017,3.60032,0.72479,5.5125,51.6,21.54375
1.08795,9.96795,1.07595,3.21429,3.48215,0.4333,5.5125,51.6,21.54375
1.07295,9.91605,1.026,3.67911,0.38603,0.09454,5.5125,51.6,21.54375
1.09005,9.89595,0.97995,3.33247,1.53624,0.14969,5.5125,51.6,21.54375
1.03005,9.86505,0.966,2.47375,-0.52784,0.83509,5.5125,51.6,21.54375
1.05705,9.86805,0.92505,2.24528,-1.61502,0.95326,5.5125,51.6,21.54375
1.116,9.92295,1.04505,2.24528,0.6145,1.23687,5.2875,51.525,21.9
1.191,9.99495,1.047,1.84349,2.39496,0.89023,5.2875,51.525,21.9
1.14795,9.99705,0.99405,1.49685,4.34087,0.77994,5.2875,51.525,21.9
1.164,9.94695,0.97995,1.09507,3.5373,0.60662,5.2875,51.525,21.9
1.17405,9.96795,0.903,1.32353,0.38603,0.72479,5.2875,51.525,21.9
1.188,9.81,0.90795,0.81145,-0.1812,0.77994,5.2875,51.525,21.9
1.25805,9.88005,1.083,0.92962,1.24475,0.83509,5.2875,51.525,21.9
1.215,9.94395,1.00605,0.46481,0.73267,0.77994,5.2875,51.525,21.9
1.19805,9.98295,1.02105,0.52784,2.62343,1.00841,5.1,51.525,21.9
1.18605,9.99,0.92505,-0.16544,1.01628,1.23687,5.1,51.525,21.9
1.21905,9.954,0.76695,-0.16544,0.22059,1.75683,5.1,51.525,21.9
1.24305,9.82005,0.95895,1.78834,2.79675,1.46534,5.1,51.525,21.9
1.284,9.82005,1.12395,2.75736,1.07931,0.95326,5.1,51.525,21.9
1.26,9.918,1.002,2.52889,-2.07196,0.89023,5.1,51.525,21.9
1.19295,9.96795,0.82905,0.58298,-4.13604,1.29202,5.1,51.525,21.9
1.22895,9.94395,0.939,-0.16544,-3.90757,1.00841,5.1,51.525,21.9
1.27695,9.99,0.987,-0.22059,-2.19013,0.60662,5.1,51.525,21.9
1.21905,9.95595,1.09995,0.7563,4.68751,0.14969,5.04375,51.4875,21.6
1.179,9.89205,1.05405,0.46481,5.94802,-0.19695,5.04375,51.4875,21.6
1.17405,9.975,0.606,-1.07931,-4.19119,-0.53572,5.04375,51.4875,21.6
1.155,9.90105,0.84795,-1.76471,-4.30936,-0.37027,5.04375,51.4875,21.6
1.155,9.90105,0.84795,-2.11135,-3.33247,-0.53572,5.04375,51.4875,21.6
1.12095,9.87705,1.05195,-1.53624,-1.7332,-0.2521,5.04375,51.4875,21.6
1.203,9.91995,0.89205,-1.4811,0.44906,-0.65389,5.04375,51.4875,21.6
1.191,9.91605,0.999,-0.22059,5.42806,-0.07878,5.04375,51.4875,21.6
1.155,9.834,1.15995,0.63813,6.91703,-0.07878,5.04375,51.4875,21.6
1.236,9.93,0.963,1.89864,-0.92962,-1.22899,5.04375,51.4875,21.6
1.09995,9.987,0.714,2.64706,-6.42859,-1.63078,5.04375,51.4875,21.6
1.14495,9.87495,0.975,3.90757,-9.635,-1.39444,5.04375,51.4875,21.6
1.25505,9.85995,1.011,4.19119,-10.32828,-1.11082,5.04375,51.4875,21.6
1.21695,9.88695,1.00305,9.05989,-14.62188,-0.70904,5.04375,51.4875,21.6
1.14795,9.98295,0.987,5.04991,-1.67017,-2.37133,5.04375,51.4875,21.6
1.07595,10.06605,0.95895,-0.90599,4.97113,-1.96954,5.04375,51.4875,21.6
1.095,10.014,0.80805,-5.14444,2.79675,-1.22899,5.04375,51.4875,21.6
1.06605,9.963,0.68595,-8.92597,-2.47375,0.25998,5.04375,51.4875,21.6
1.11405,9.88695,1.014,-9.39078,-1.21324,1.23687,5.325,51.4875,21.9
